# Created by Octave 4.0.0, Wed Dec 23 14:16:00 2015 India Standard Time <unknown@Raghu>
# name: saeSoftmaxOptTheta
# type: matrix
# rows: 2000
# columns: 1
 -0.1496704064844461
 -0.1906593791103317
 -0.2352024332509982
 0.310825248699878
 -0.1557881454203608
 0.8731663979768316
 -0.1343255148435754
 -0.2020112504151322
 -0.1440232370542689
 0.02825870125682626
 -0.2578247546169447
 -0.2704201694652544
 0.8812595476362587
 -0.1804830568881226
 0.3277377970532171
 -0.2737428566000323
 0.2364055232771117
 -0.05774737934706149
 -0.04982881150795445
 -0.3548962504908394
 -0.2251435910393882
 -0.3576680433665952
 -0.2136110869267493
 0.2734418577872452
 -0.2224930405077231
 0.02964337839034677
 0.5476609641025926
 -0.02539196433719442
 0.2846481577701817
 -0.08996302479021072
 -0.0403014336201472
 -0.3031000077860546
 0.5920583713581316
 -0.2743569186964706
 0.5059204862132676
 -0.0844613731875991
 -0.1755884346886222
 -0.2422445311937808
 -0.2212674108766924
 0.2426494186898116
 -0.0292007760652942
 0.2839787697056682
 1.308267326190089
 -0.2529774841729707
 -0.173719269824663
 -0.2279933151750621
 -0.1984763620129057
 -0.2851193388077704
 -0.2027417948162102
 -0.2211754137511657
 -0.2460258734118876
 -0.09923106587752174
 0.7640031057553029
 -0.3176208047110692
 0.1341198891409579
 0.008581176298102705
 -0.3280954613067603
 0.6045092481074075
 -0.3365315773726478
 -0.1840918051516138
 -0.1259778674700758
 0.09260140056648342
 -0.1214959446818745
 0.09957345555376541
 -0.00129095280377666
 0.3875345119357539
 -0.122191097743477
 -0.01360447651092454
 -0.2531811217042156
 0.05823883023758859
 -0.08374133488919028
 -0.05488875386890838
 -0.008257039297189378
 -0.106910960448258
 -0.05010759895746838
 -0.1120000226225641
 0.2255811998401642
 0.0924636783494109
 0.2405705646667884
 -0.1424702681517263
 -0.2139293512944416
 0.9001013642681571
 -0.3383308703775519
 0.04527619567044069
 0.05803937551021419
 0.03542113759191463
 -0.3543155196232904
 0.01280812842649247
 -0.05604247781565561
 -0.08890776585972099
 -0.1223595748841538
 -0.1791525606246374
 0.09126712444307652
 -0.2198479425503097
 -0.03102761142238437
 -0.1590798317328051
 -0.1392367952789862
 -0.2831287490251449
 -0.1709895318775904
 1.213773071616983
 -0.1375136077841526
 0.7338190194994494
 0.218255923622087
 -0.2848184897623255
 -0.260613453592325
 -0.03536431116887244
 -0.1857316153206071
 0.1933383146957849
 -0.099630186701002
 -0.1414683054591377
 0.07960415738154659
 -0.0761385620969091
 -0.2221773655301315
 0.06978033975862732
 -0.1938783440720548
 -0.1684302055718207
 0.4489218653114561
 0.03703786270505866
 0.1751601839731436
 -0.1504166721465565
 -0.2202375673384621
 -0.1052427462657246
 -0.0442681205420449
 -0.2497470099176425
 -0.1715487215639262
 -0.2372310704535724
 0.7131500802688679
 -0.01320539144504441
 0.2695078084721247
 0.05931459306399083
 -0.1901654941991379
 -0.05904018334078392
 -0.1065685687022722
 0.06074102359197169
 0.2952334541122
 0.03553383123950184
 -0.2775112381746077
 -0.09643190417781537
 0.1245330645010533
 0.2135711644935908
 -0.07797512227346275
 -0.2711136044756264
 0.1267546110902365
 -0.2953222005865064
 0.841972871332092
 -0.180744359419288
 -0.2004345115301164
 0.163870499420067
 -0.2562943089601575
 0.1489124939233425
 0.2004203417013749
 -0.190897856861055
 -0.033980397755502
 -0.08861532568822809
 -0.160090231093099
 -0.1181465045589752
 0.09933109127577826
 0.5173413377681694
 -0.05687401609700589
 -0.169019107505207
 -0.1872335488417189
 0.2806569018615909
 0.08204200604727184
 -0.04177990810574397
 0.07055494033375495
 0.1513811034876118
 -0.1850528551770373
 -0.06541500275559532
 0.009278498244146885
 -0.1139379508016026
 -0.1719264061178678
 0.09762007597013303
 0.1021227626614183
 -0.04500589038561326
 0.1581139616118137
 -0.1799914061097205
 -0.1375460429453358
 -0.1331173339343913
 -0.1445503473884183
 0.4542808437451216
 0.0473147653867562
 0.005432245835632716
 0.3450417245034796
 -0.1215775812281222
 0.0932249176741296
 -0.03152508348688959
 -0.1904533161991945
 0.05324003057552871
 -0.01506586781296335
 -0.1863321909739038
 -0.1344747843266816
 0.3919694439156792
 -0.5051905154191804
 0.4305448533151868
 -0.06727901725276876
 0.4111429609386839
 -0.3191886154917221
 0.190755055012235
 -0.2342602253002218
 -0.164226875481306
 -0.1993521745241156
 -0.2132063414973126
 -0.1416313108301631
 -0.2000809932312399
 0.2740760503001584
 -0.2084937556215569
 1.235007672498882
 -0.1758898540308671
 -0.3802223165571926
 0.01056008772838172
 -0.1033020177175735
 -0.005087922587454036
 -0.1205717608719242
 -0.3844966878629795
 -0.1963020742042198
 -0.1651416340867977
 0.4482205112199139
 0.1929229849165432
 0.3163198786757092
 0.01688784506365765
 -0.2213076716253825
 -0.1795876709176702
 0.03144614244409483
 -0.05303881003777767
 0.07868920146536404
 -0.2109409192519829
 0.5226421222898858
 -0.362807802628449
 0.43147810275294
 -0.03767754639037193
 -0.1522821395104247
 -0.0339125395880168
 -0.1565579396969921
 0.4843144508371041
 -0.3411605156684737
 -0.1908051791602026
 0.9600854443583107
 -0.3866932540600589
 0.04814401561331307
 -0.2313714533239636
 -0.2073977669903129
 -0.0616837905840865
 0.02507694896965846
 0.1488443987579694
 -0.1987243420167588
 -0.03912591354945437
 -0.1215337909343328
 -0.1418110261053767
 0.7773878685060482
 -0.1801256603395115
 0.03628915945136559
 0.2629554175632302
 -0.2110573525499747
 -0.02910757727410426
 -0.1505344391847199
 0.6018303251623502
 -0.2878860639664872
 0.02502147960912984
 -0.1741027820977687
 -0.07387374979687057
 0.04421236397874379
 -0.3109995406650964
 0.2932018342159255
 -0.3007187972014309
 0.4600883822081722
 -0.2118697222693707
 -0.3122977221346153
 0.5522662744389853
 -0.07164311623842398
 -0.1416396269328432
 0.0352157752685265
 0.2817980804593749
 -0.106305701523677
 0.0644791502345316
 0.04525628653476717
 -0.1034456215885276
 -0.04442612044076339
 0.06530126162652655
 -0.1330769196453236
 -0.105245684313127
 -0.1984144013838416
 -0.4570453985699375
 -0.05887266666991769
 0.334016872057395
 1.236729657256851
 0.311311820105186
 -0.3560920438703652
 -0.3096599625374963
 -0.2633122216669035
 -0.2391675968563878
 -0.1336398340533225
 -0.03937223422867309
 -0.08184322014266961
 0.0565269034288032
 0.08786974505313945
 -0.1864292453138958
 -0.3134164159945754
 0.7977274736731157
 -0.2438931593734555
 0.05703038957616417
 -0.1785783862238216
 -0.2117470560539544
 -0.2954542279813753
 0.3337590185064204
 -0.150507521523152
 -0.1771334603569696
 -0.3125479944290447
 0.4051817173637668
 0.6432466427067925
 -0.0553277037693433
 -0.2008826854827287
 -0.3701502995438237
 -0.1004204793997142
 0.5518951430571368
 0.6202035315364045
 0.007365017151122037
 0.003798104428231716
 0.004773497312650435
 -0.2496435847723258
 -0.2663472630824402
 0.07398696756466924
 0.03366629552098205
 -0.05053102184610027
 0.2893523321822573
 -0.1285254887991264
 0.129915240576541
 -0.009963827746042837
 -0.001382604462745681
 -0.1323332177033772
 -0.2041778243606226
 -0.1671294123558795
 0.03377324406165599
 -0.411018477133916
 -0.1967131872161397
 -0.08838838257946009
 0.5233866293953533
 -0.2520162540398375
 0.04655557921607849
 -0.108912080238854
 0.620284135340184
 0.128289129853502
 0.9347461265626585
 0.06679481157841441
 -0.03862462925756446
 -0.3090694075608058
 -0.06953946397879644
 -0.06594110805454385
 -0.2658936253808049
 -0.2663684447898964
 -0.1153393476659439
 0.06486713388712989
 -0.169901137601373
 -0.1827390857932132
 0.05745576773567725
 -0.1151019060396383
 0.2172814815426728
 -0.07699717868768938
 0.1469070295386306
 0.1920914038258544
