# Created by Octave 4.0.0, Thu Dec 31 20:30:01 2015 India Standard Time <unknown@Raghu>
# name: saeSoftmaxOptTheta
# type: matrix
# rows: 2000
# columns: 1
 -0.2172489264692089
 -0.09883922209979483
 -0.1093275130610599
 -0.07295417159490525
 -0.04912887652838046
 1.06326049823055
 -0.2172517074159452
 0.01665624483384078
 -0.1485214420500611
 -0.1666448838450321
 -0.11614517732039
 -0.2835374593167678
 0.6350521302639865
 -0.2201710149274096
 0.6849305085038696
 -0.2097830068335174
 0.1216085702906244
 -0.2551747114643041
 -0.1645459636955094
 -0.1922338755005827
 0.01373491439870774
 -0.03911464745700301
 -0.1358559432113058
 -0.1658599091964571
 -0.175739640056597
 -0.1464686328929716
 -0.2140675285208113
 1.244353827367676
 -0.1717984738302073
 -0.2091839666010312
 -0.08990992514847665
 0.004791123189680602
 0.01177662875406387
 -0.000618546578715574
 0.102300597939399
 -0.02539019758467269
 -0.07724657097575353
 0.02258626890001466
 0.1147164303390123
 -0.0630058088345521
 -0.09044223548137449
 -0.09117281739074877
 -0.02671542172926294
 -0.1157720498580133
 -0.186303318707438
 0.006215872434135787
 0.002666128782181035
 0.01744895886628296
 -0.08802657657155638
 0.5721014596557945
 0.550932450458354
 -0.04742819186027601
 -0.1227591651601765
 -0.0005225601380811722
 0.02857852311600013
 -0.03232689229805675
 -0.002512710989619317
 -0.07985970671818911
 -0.1342130282064718
 -0.1598887182034833
 -0.08989511064962377
 0.004797624201374129
 0.01178435800349616
 -0.0006233181683996915
 0.1022885500247663
 -0.02538500564742554
 -0.0772304613438652
 0.02257846777731256
 0.1146912647715396
 -0.06300636896917423
 -0.1628762485380228
 -0.1882391757768775
 0.3625551183844091
 -0.1528234746281493
 0.3577222837492169
 -0.09994856708097523
 -0.1263293704063889
 0.2537125574836283
 -0.1183875685239429
 -0.1253855546628977
 -0.1512341969903539
 -0.1177972103941906
 -0.1078331750183221
 0.2750895064791276
 0.008003331994328167
 -0.1095141028872157
 -0.02768716242328607
 0.03229334144338381
 0.3373135762734187
 -0.138633908476889
 -0.1744488145646934
 -0.2681397903906119
 -0.147232626341639
 -0.2530147000701146
 1.332810462672613
 -0.2262001805303781
 -0.2970501266711547
 -0.09545032271703231
 -0.02738991629661999
 0.1561160149096304
 -0.1354289912760636
 0.7263105664334613
 -0.04606316866098781
 -0.03858155675154461
 -0.3153976634972295
 -0.04449057079045914
 -0.1498751553949209
 -0.1056605419475607
 -0.009531658607366331
 0.1187187404926722
 0.5531006814172501
 -0.04405515836624953
 -0.1205062846146095
 0.005071260072811017
 0.02068160223713977
 -0.03861522714909005
 0.001857263285458117
 -0.08055204356974786
 -0.1387410122761564
 -0.158241081036804
 -0.0898784707567937
 0.004809488239232399
 0.01179724536277302
 -0.0006284998270293932
 0.1022738524286966
 -0.02537868900924772
 -0.07721700728349176
 0.02257578793893119
 0.1146568743302207
 -0.06301058142329113
 -0.116173843730784
 -0.03349580800825638
 -0.05559517098887156
 -0.1387546272855407
 -0.1696196566455291
 0.7568381367067049
 -0.1383926418290062
 -0.03462690461178569
 -0.07207723834045621
 0.001897754733524627
 -0.08990046239972946
 0.004795602370860986
 0.0117818426731089
 -0.0006219212033348232
 0.1022926297175859
 -0.02538675830660802
 -0.0772360935291746
 0.02258116331215824
 0.1146999367112768
 -0.06300593934614358
 -0.2023454141228131
 0.3861284305598761
 0.419649719082928
 -0.1703004598587047
 -0.152747440375337
 -0.1977693151541947
 0.74074637038433
 -0.2703692013214981
 -0.4758917265009588
 -0.07710096269362868
 0.4476800926160679
 0.01929247986420956
 0.1786561464740326
 -0.03598480226592694
 -0.09448023304290194
 -0.15350359780797
 -0.07794864303352604
 -0.009959765800227014
 -0.1027424212974249
 -0.1710092557063327
 -0.08995291143316851
 0.003926140575805597
 0.01097553361684099
 0.0001434107885929301
 0.1029670745489124
 -0.0255813456023065
 -0.07752396623150724
 0.02265019152673478
 0.1157039260353973
 -0.06330805382530197
 -0.08983816445813267
 0.004683632837679657
 0.01169402132651616
 -0.0005060740094742282
 0.1023583618787594
 -0.02539858083154582
 -0.07722989302713776
 0.02258815473166321
 0.1147348939607402
 -0.06308635240906835
 -0.05448816101980163
 -0.1529476894360879
 -0.1717779656049168
 0.2046018107996897
 -0.04211681149845074
 -0.1440473890247013
 0.2022349013013245
 -0.116604507988561
 0.4076203607398285
 -0.1324745482683233
 -0.1014222149370097
 0.9762998383030839
 -0.0531662236249086
 -0.07836768967676465
 -0.1440753932257282
 -0.04109131357676742
 -0.1399111221362702
 -0.1427322360161742
 -0.1545447549440357
 -0.120988890165425
 0.4476794284117378
 0.0192910430390494
 0.1786551839315526
 -0.03598451769102923
 -0.09447956752100015
 -0.1535036577989408
 -0.07794847424315283
 -0.009958639178703514
 -0.1027414666765389
 -0.171009332272974
 -0.1760338166098228
 -0.1932653338570629
 0.1535745455097489
 0.193205232614756
 0.3656805185047226
 -0.1501652340159377
 -0.1551414495582953
 0.1649106694177064
 0.005097386354197798
 -0.2078625183600131
 0.447663143224914
 0.01925576820280784
 0.1786315386127977
 -0.03597753099206369
 -0.09446322091415296
 -0.1535051263588814
 -0.07794433246750312
 -0.009930981604718376
 -0.102718043895524
 -0.1710112138076752
 -0.08991870928625631
 0.004785306158506351
 0.0117704801061341
 -0.0006140512269805303
 0.1023092892413215
 -0.02539400059234272
 -0.0772569267736354
 0.02259135167617645
 0.1147338074667132
 -0.06300654676963663
 -0.09958529757484484
 0.9814088625322733
 -0.052028787468776
 -0.08104761124481893
 -0.1415731932041631
 -0.04876664588392214
 -0.1379305117130613
 -0.1406020896385817
 -0.1531203956127919
 -0.1267543301913132
 -0.1451118040776131
 -0.1721277007457961
 0.5806747871459997
 -0.1336764547095991
 0.4749102320733204
 -0.1386052404945047
 -0.1643102489352437
 -0.2987217058366994
 -0.09241792024659685
 0.08938605582673453
 -0.1159641662067381
 -0.03421078165949863
 -0.05541942790271034
 -0.1361045133094136
 -0.166664572337992
 0.7611837465824627
 -0.1382227137925838
 -0.04192010020274786
 -0.07272602216663177
 4.855099585205116e-005
 -0.1161439719546339
 -0.2834045473731402
 0.6347447253240361
 -0.2202189381887983
 0.6853795858113941
 -0.2098675767692914
 0.1216482404535296
 -0.2554166383637624
 -0.1645702491853451
 -0.1921506297539889
 -0.1507909538586369
 -0.1164815246304878
 -0.1094662099967009
 0.2763458275513012
 0.002465508220523371
 -0.1091926061674836
 -0.02572413160571898
 0.03010932063325958
 0.3407898029197309
 -0.1380550330657871
 -0.08990526419778141
 0.004793433197654305
 0.01177925094601492
 -0.0006202983189814786
 0.1022965743887526
 -0.02538843801385015
 -0.07724134164870929
 0.02258369126256972
 0.1147081657215399
 -0.0630057733372093
 -0.09088131526925224
 -0.08913676363629382
 -0.02683035555019782
 -0.1152440891272396
 -0.1945857853146748
 -0.006265644991181064
 -0.0008399583870801219
 0.02084069001674036
 -0.08352004105891928
 0.5864632633180985
 -0.08992916413075452
 0.003833705683084585
 0.01108707958479359
 0.000150848676494394
 0.103038692045745
 -0.02593840537983515
 -0.07736887060180601
 0.02268381873065101
 0.1161270175805365
 -0.06368472218890925
 -0.131165897543636
 -0.3124218201517153
 0.5189500101769053
 -0.1692663897955021
 0.1327659279820795
 0.04956160327944088
 -0.05276635271603031
 0.2627560549735782
 -0.08665894401887436
 -0.2117541921862466
 -0.09273892167043207
 -0.08667611803609254
 -0.03256774499544161
 -0.1140544616185989
 -0.2008570703718249
 -0.03032052832710875
 -0.01678182091204781
 0.05165248563358691
 -0.06601900343179623
 0.5883631837297564
 -0.1002482064155676
 0.9591413931697513
 -0.03995300003696458
 -0.1364594112871288
